{
	"controller": {
		"rslqr_controller": {
			"k_sched": {
				"regions": [
					{
						"setpoint": {
							"u": 1.992684e+01,
							"phi_rad": -7.006503e-01
						},
						"k": [-1.547543e-02, 9.808706e-02, -3.453961e-03, -8.034361e-03, 6.275416e+00, 1.262826e+00, 1.190780e+00, 2.480315e+00, 1.106993e-01, -5.570100e-03, 3.053853e-02, -2.925896e-01, -1.425754e+00, 4.192972e-02, 6.688631e+00, 1.992871e-01, 1.801351e-02, 1.620247e-01, -3.002806e-03, -7.631088e-03, -9.218844e-02, 1.434991e-02, -9.662363e-03, -1.873849e-02, 6.545687e-02, -2.057477e-04, 5.670465e-03, 1.492354e-02, 4.341025e+00, -2.641810e-01, 5.204323e-01, 9.059210e-01, 1.201641e-01, -7.285986e-03, 2.317736e-02, 1.109073e-03, 2.596225e-03, -1.288273e-04, 6.461011e-02, 1.681386e-03, 9.273367e-02, -5.011348e-03, 1.415055e-02, 1.636336e-01, 1.899817e-02, 4.825489e-04, 2.279608e+00, 1.504110e-01]
					}, {
						"setpoint": {
							"u": 1.995303e+01,
							"phi_rad": -3.489906e-01
						},
						"k": [-1.751696e-02, 9.805032e-02, -1.356789e-03, -3.829151e-03, 6.717369e+00, 1.282919e+00, 4.983313e-01, 1.217729e+00, 5.490220e-02, -2.075193e-03, 1.906851e-02, -3.090251e-01, -5.939613e-01, 7.012994e-03, 6.802219e+00, 3.369962e-01, 1.621352e-02, 1.620205e-01, -1.193145e-03, -3.627406e-03, -1.059661e-01, 1.439313e-02, -4.605811e-03, -1.037229e-02, 7.670977e-02, -3.015245e-04, 2.696443e-03, 8.537591e-03, 4.129305e+00, -2.198694e-01, 2.054918e-01, 4.025518e-01, 5.934529e-02, -3.132720e-03, 1.060872e-02, -1.491497e-02, 1.273817e-03, -5.390716e-05, 6.402255e-02, 1.108241e-03, 5.150872e-02, -2.520993e-03, 6.898360e-03, 1.367175e-01, 1.219368e-02, 7.616325e-05, 2.267323e+00, 1.288287e-01]
					}, {
						"setpoint": {
							"u": 1.995926e+01,
							"phi_rad": 9.181459e-06
						},
						"k": [-1.809529e-02, 9.802886e-02, -7.150332e-06, 2.500658e-04, 6.841652e+00, 1.291892e+00, 2.570824e-03, -1.929510e-02, -9.755043e-04, 6.130076e-04, 1.645520e-02, -3.140426e-01, -1.551163e-03, -6.977990e-04, 6.825007e+00, 3.756201e-01, 1.563672e-02, 1.620112e-01, -1.829822e-06, 4.581033e-04, -1.102868e-01, 1.437084e-02, -5.909507e-05, -7.715561e-05, 8.032815e-02, -3.031836e-04, 2.240226e-05, 9.636801e-05, 4.070809e+00, -2.071119e-01, -3.779032e-04, -3.359393e-02, -2.055457e-04, 4.481104e-05, 7.857581e-03, -1.950414e-02, 1.016171e-05, -3.249387e-06, 6.388885e-02, 1.036321e-03, 4.646253e-04, -2.613696e-04, 6.233178e-03, 1.273812e-01, 9.464126e-04, -3.092070e-04, 2.264914e+00, 1.251159e-01]
					}, {
						"setpoint": {
							"u": 1.995382e+01,
							"phi_rad": 3.505935e-01
						},
						"k": [-1.752534e-02, 9.802640e-02, 1.353373e-03, 4.378629e-03, 6.706438e+00, 1.290800e+00, -4.968808e-01, -1.272308e+00, -5.762747e-02, 3.285256e-03, 1.854405e-02, -3.085388e-01, 5.932278e-01, -7.980446e-03, 6.803044e+00, 3.199413e-01, 1.617422e-02, 1.620020e-01, 1.204971e-03, 4.594719e-03, -1.056110e-01, 1.430588e-02, 4.514469e-03, 1.021727e-02, 7.635287e-02, -2.278841e-04, -2.690505e-03, -8.335121e-03, 4.146152e+00, -2.175801e-01, -2.088647e-01, -4.801833e-01, -6.037017e-02, 3.212027e-03, 1.062581e-02, -1.370969e-02, -1.269290e-03, 4.707658e-05, 6.402665e-02, 1.136573e-03, -5.063695e-02, 1.946956e-03, 7.187451e-03, 1.376396e-01, -1.018864e-02, -7.313075e-04, 2.267603e+00, 1.290450e-01]
					}, {
						"setpoint": {
							"u": 1.992858e+01,
							"phi_rad": 6.981238e-01
						},
						"k": [-1.547733e-02, 9.803838e-02, 3.458051e-03, 8.613509e-03, 6.245997e+00, 1.279117e+00, -1.190354e+00, -2.548201e+00, -1.142615e-01, 6.648040e-03, 2.942096e-02, -2.912869e-01, 1.418290e+00, -4.111754e-02, 6.691198e+00, 1.580489e-01, 1.793557e-02, 1.619904e-01, 3.041192e-03, 8.642112e-03, -9.160880e-02, 1.418812e-02, 9.517698e-03, 1.829980e-02, 6.489083e-02, -7.339010e-05, -5.681860e-03, -1.447509e-02, 4.367774e+00, -2.586701e-01, -5.277817e-01, -1.004618e+00, -1.213267e-01, 7.233467e-03, 2.320099e-02, 3.898174e-03, -2.593999e-03, 1.171908e-04, 6.461418e-02, 1.746439e-03, -9.070442e-02, 4.235381e-03, 1.483607e-02, 1.654615e-01, -1.609775e-02, -1.305600e-03, 2.280079e+00, 1.506847e-01]
					}, {
						"setpoint": {
							"u": 2.496610e+01,
							"phi_rad": -6.989088e-01
						},
						"k": [-1.492181e-02, 9.803784e-02, -3.977450e-03, -9.122692e-03, 6.417348e+00, 1.255628e+00, 9.462889e-01, 2.196623e+00, 1.007229e-01, -1.157658e-02, 1.954453e-02, -2.967710e-01, -1.108788e+00, 1.311753e-01, 6.725022e+00, 9.189793e-02, -9.725052e-03, 1.711993e-01, -4.614592e-03, -9.947349e-03, -6.956572e-02, 1.449407e-02, -5.912850e-03, -1.197243e-02, 4.708710e-02, -2.381538e-03, 3.542778e-03, 8.929556e-03, 4.221895e+00, -5.037161e-01, 3.953099e-01, 7.853868e-01, 9.595982e-02, -1.193136e-02, 1.296115e-02, 7.399852e-04, 1.952735e-03, -1.443338e-04, 4.899096e-02, 1.272476e-03, 6.108590e-02, -4.804795e-03, 5.732431e-03, 1.139253e-01, 3.133120e-02, 1.585764e-03, 2.046174e+00, 8.327441e-02]
					}, {
						"setpoint": {
							"u": 2.497826e+01,
							"phi_rad": -3.505638e-01
						},
						"k": [-1.741877e-02, 9.801437e-02, -1.606030e-03, -4.472220e-03, 6.737886e+00, 1.291776e+00, 3.948730e-01, 1.081805e+00, 4.988899e-02, -5.111678e-03, 1.240486e-02, -3.099960e-01, -4.646673e-01, 4.587698e-02, 6.794265e+00, 2.136271e-01, -1.210265e-02, 1.711821e-01, -1.854041e-03, -4.840977e-03, -7.877994e-02, 1.461826e-02, -2.717196e-03, -6.538038e-03, 5.431050e-02, -2.500263e-03, 1.622797e-03, 5.031842e-03, 3.948106e+00, -4.186353e-01, 1.541264e-01, 3.572950e-01, 4.717634e-02, -5.258404e-03, 5.679736e-03, -1.118593e-02, 9.408784e-04, -6.049124e-05, 4.873590e-02, 9.472528e-04, 3.330079e-02, -2.234877e-03, 2.261075e-03, 9.913565e-02, 1.544501e-02, 8.131327e-04, 2.039531e+00, 7.252591e-02]
					}, {
						"setpoint": {
							"u": 2.498173e+01,
							"phi_rad": -1.783109e-04
						},
						"k": [-1.811229e-02, 9.800250e-02, -5.733647e-05, -3.780343e-06, 6.831087e+00, 1.302114e+00, 1.200309e-02, 9.239262e-04, 2.373798e-05, -1.446772e-06, 1.007561e-02, -3.141315e-01, -1.304719e-02, 1.847315e-03, 6.808981e+00, 2.323156e-01, -1.275510e-02, 1.711713e-01, -6.447030e-05, -4.330085e-06, -8.169432e-02, 1.464791e-02, -8.707160e-05, -4.946885e-06, 5.666291e-02, -2.532094e-03, 5.254479e-05, 3.518115e-06, 3.861725e+00, -3.951586e-01, 3.718231e-03, 2.392825e-04, 2.385840e-05, -2.555958e-06, 3.292359e-03, -1.489633e-02, 2.176521e-05, -1.470929e-06, 4.864835e-02, 7.964928e-04, 2.141997e-05, -1.604380e-06, 6.426962e-04, 9.386311e-02, 1.062192e-03, -6.725214e-05, 2.037078e+00, 6.683734e-02]
					}, {
						"setpoint": {
							"u": 2.497877e+01,
							"phi_rad": 3.501381e-01
						},
						"k": [-1.742323e-02, 9.801509e-02, 1.542822e-03, 4.463169e-03, 6.739163e+00, 1.291581e+00, -3.807266e-01, -1.079531e+00, -4.982267e-02, 5.106845e-03, 1.211050e-02, -3.100188e-01, 4.485569e-01, -4.387928e-02, 6.795462e+00, 2.097499e-01, -1.210726e-02, 1.711832e-01, 1.782922e-03, 4.830633e-03, -7.878268e-02, 1.461881e-02, 2.650049e-03, 6.525850e-03, 5.431192e-02, -2.500539e-03, -1.590808e-03, -5.023259e-03, 3.947576e+00, -4.185930e-01, -1.488005e-01, -3.565061e-01, -4.711701e-02, 5.252083e-03, 5.406226e-03, -1.120837e-02, -9.278359e-04, 5.884399e-05, 4.872351e-02, 9.230682e-04, -3.324823e-02, 2.230995e-03, 1.930960e-03, 9.911243e-02, -1.478623e-02, -8.858127e-04, 2.039108e+00, 7.145063e-02]
					}, {
						"setpoint": {
							"u": 2.496569e+01,
							"phi_rad": 6.988937e-01
						},
						"k": [-1.493992e-02, 9.803868e-02, 3.885638e-03, 9.126170e-03, 6.419835e+00, 1.255643e+00, -9.282715e-01, -2.197490e+00, -1.007879e-01, 1.157947e-02, 1.948134e-02, -2.967538e-01, 1.089658e+00, -1.277169e-01, 6.727926e+00, 9.673806e-02, -9.746877e-03, 1.712003e-01, 4.509864e-03, 9.951334e-03, -6.960812e-02, 1.449580e-02, 5.756973e-03, 1.198080e-02, 4.711631e-02, -2.382722e-03, -3.437986e-03, -8.935497e-03, 4.224451e+00, -5.038098e-01, -3.896099e-01, -7.860643e-01, -9.601152e-02, 1.193280e-02, 1.290579e-02, 7.587691e-04, -1.909562e-03, 1.419835e-04, 4.898524e-02, 1.279360e-03, -6.112440e-02, 4.806113e-03, 5.808298e-03, 1.139410e-01, -2.925704e-02, -1.696752e-03, 2.045969e+00, 8.349733e-02]
					}
				],
				"interpolation_stddev": {
					"u": 3,
					"phi_rad": 0.1
				}
			},
			"elevator_params": {
				"min": -1,
				"max": 1,
				"initial": 0.36749821440099206
			},
			"throttle_params": {
				"min": -1,
				"max": 1,
				"initial": -0.48589201718311287
			},
			"aileron_params": {
				"min": -1,
				"max": 1,
				"initial": 0.006927637640779975
			},
			"rudder_params": {
				"min": -1,
				"max": 1,
				"initial": 0
			}
		}
	},
	"local_planner": {
		"rslqr_planner": {
			"k_sched": {
				"regions": [
					{
						"setpoint": {
							"u": 1.992684e+01,
							"phi_rad": -7.006503e-01
						},
						"k": [2.952919e+00, 7.469174e-01, -7.598849e-01, 3.032419e+00, 1.060781e-02, 3.866470e-04, -7.159532e+00, -1.014558e+00, -1.589854e-01, 1.284146e-01, -1.008502e+00, -2.483488e+00, 9.635192e-02, 2.645899e-02, -2.872247e-01, -6.180900e-02, 1.163105e-01, 1.927140e-02, 1.029605e+01, 5.195253e+00, 2.701530e-01, 2.812438e-01, 1.426684e-02, 6.700578e-03, 4.508779e-02, 1.053502e-01, 3.069539e-01, 4.347582e-03, 2.207872e+00, 5.898224e-01, -8.730369e-01, 3.605827e+00]
					}, {
						"setpoint": {
							"u": 1.995303e+01,
							"phi_rad": -3.489906e-01
						},
						"k": [3.024688e+00, 3.295267e-01, -3.355087e-01, 3.114509e+00, 1.229594e-02, -1.423264e-04, -7.529723e+00, -4.955747e-01, -8.356568e-02, 1.753614e-01, -4.924766e-01, -1.922316e+00, 1.011901e-01, 1.314170e-02, -3.301625e-01, -3.297312e-02, 1.276574e-01, 1.006644e-02, 1.000118e+01, 2.508504e+00, 1.359976e-01, 2.309983e-01, 6.469223e-03, 3.274349e-03, 1.664026e-02, 9.263568e-02, 1.224974e-01, -8.586263e-02, 2.183731e+00, 2.574189e-01, -4.527480e-01, 4.378729e+00]
					}, {
						"setpoint": {
							"u": 1.995926e+01,
							"phi_rad": 9.181459e-06
						},
						"k": [3.040879e+00, 6.027394e-02, -6.082318e-02, 3.133682e+00, 1.236129e-02, 3.596737e-04, -7.639933e+00, -7.540706e-02, -3.407019e-03, 1.919846e-01, -7.443887e-02, -1.771903e+00, 1.077758e-01, 1.443404e-03, -3.422023e-01, -5.156256e-03, 1.303405e-01, 2.038791e-03, 9.860724e+00, 1.257483e-01, -4.541399e-03, 2.172249e-01, 3.675483e-04, 2.426490e-03, -2.105052e-03, 8.958599e-02, 1.873565e-02, -1.066059e-01, 2.168868e+00, 3.497623e-02, -9.822128e-02, 4.659844e+00]
					}, {
						"setpoint": {
							"u": 1.995382e+01,
							"phi_rad": 3.505935e-01
						},
						"k": [3.035177e+00, -2.132635e-01, 2.181928e-01, 3.124983e+00, 1.225674e-02, 8.197062e-04, -7.543930e+00, 3.546031e-01, 7.824262e-02, 1.777192e-01, 3.533058e-01, -1.899318e+00, 1.019526e-01, -1.058235e-02, -3.321241e-01, 2.346195e-02, 1.281911e-01, -6.215861e-03, 1.013518e+01, -2.278228e+00, -1.465858e-01, 2.281433e-01, -5.799157e-03, 3.027319e-03, -2.149762e-02, 9.230142e-02, -8.631695e-02, -9.307656e-02, 2.197061e+00, -1.901656e-01, 2.718930e-01, 4.391961e+00]
					}, {
						"setpoint": {
							"u": 1.992858e+01,
							"phi_rad": 6.981238e-01
						},
						"k": [2.986537e+00, -5.990375e-01, 6.106781e-01, 3.066250e+00, 1.054657e-02, 2.413517e-04, -7.208794e+00, 8.570867e-01, 1.541118e-01, 1.348266e-01, 8.530821e-01, -2.409021e+00, 9.832328e-02, -2.358264e-02, -2.928719e-01, 5.177795e-02, 1.180096e-01, -1.500052e-02, 1.066712e+01, -4.901666e+00, -2.868438e-01, 2.746559e-01, -1.353705e-02, 5.945353e-03, -5.287371e-02, 1.043718e-01, -2.630757e-01, -2.000473e-02, 2.246906e+00, -5.043612e-01, 6.764467e-01, 3.658993e+00]
					}, {
						"setpoint": {
							"u": 2.496610e+01,
							"phi_rad": -6.989088e-01
						},
						"k": [3.001468e+00, 4.438648e-01, -4.548665e-01, 3.096829e+00, 1.557159e-02, 2.169347e-03, -8.005086e+00, -7.857043e-01, -1.337939e-01, 1.371525e-01, -7.821932e-01, -2.139329e+00, 6.108573e-02, 1.374609e-02, -2.298157e-01, -3.379000e-02, 9.548330e-02, 1.073213e-02, 1.084842e+01, 4.755119e+00, 2.398225e-01, 2.253029e-01, 9.311797e-03, 3.663831e-03, 5.157511e-02, 7.540633e-02, 2.752383e-01, 1.090348e-02, 2.037106e+00, 3.664264e-01, -5.076041e-01, 3.885933e+00]
					}, {
						"setpoint": {
							"u": 2.497826e+01,
							"phi_rad": -3.505638e-01
						},
						"k": [3.025292e+00, 1.737431e-01, -1.786436e-01, 3.130842e+00, 1.784188e-02, 6.561497e-04, -8.331352e+00, -3.461747e-01, -6.928464e-02, 1.739054e-01, -3.448309e-01, -1.683785e+00, 6.595008e-02, 6.608937e-03, -2.580970e-01, -1.625373e-02, 1.034988e-01, 4.899854e-03, 1.009681e+01, 2.288089e+00, 1.184036e-01, 1.952175e-01, 4.088201e-03, 2.010718e-03, 2.164008e-02, 6.629805e-02, 1.111143e-01, -4.623411e-02, 1.971365e+00, 1.466207e-01, -2.354930e-01, 4.692869e+00]
					}, {
						"setpoint": {
							"u": 2.498173e+01,
							"phi_rad": -1.783109e-04
						},
						"k": [3.028954e+00, 1.977300e-02, -2.011238e-02, 3.137475e+00, 1.885163e-02, 8.549590e-05, -8.428528e+00, -3.309729e-02, -1.326258e-03, 1.866399e-01, -3.277094e-02, -1.564688e+00, 6.285226e-02, 2.820745e-04, -2.670801e-01, -1.457080e-03, 1.057451e-01, 5.810029e-04, 9.848578e+00, 5.507681e-02, -1.198806e-03, 1.881412e-01, 1.940315e-04, 1.646555e-03, -3.676066e-04, 6.412498e-02, 1.011018e-02, -5.852741e-02, 1.947326e+00, 1.115151e-02, -3.352613e-02, 4.994951e+00]
					}, {
						"setpoint": {
							"u": 2.497877e+01,
							"phi_rad": 3.501381e-01
						},
						"k": [3.027607e+00, -1.272529e-01, 1.315849e-01, 3.133254e+00, 1.797541e-02, -5.278950e-04, -8.337348e+00, 2.773666e-01, 6.638639e-02, 1.752697e-01, 2.768972e-01, -1.672429e+00, 6.414091e-02, -5.796057e-03, -2.586597e-01, 1.311170e-02, 1.036792e-01, -3.632538e-03, 1.014207e+01, -2.168863e+00, -1.214474e-01, 1.945616e-01, -3.763601e-03, 1.939885e-03, -2.257894e-02, 6.612554e-02, -9.366537e-02, -4.920963e-02, 1.974057e+00, -1.208780e-01, 1.614248e-01, 4.715979e+00]
					}, {
						"setpoint": {
							"u": 2.496569e+01,
							"phi_rad": 6.988937e-01
						},
						"k": [3.010402e+00, -3.785608e-01, 3.888958e-01, 3.106014e+00, 1.549325e-02, -1.915001e-03, -8.025174e+00, 7.019692e-01, 1.306674e-01, 1.400601e-01, 6.995900e-01, -2.106025e+00, 6.265148e-02, -1.325942e-02, -2.308414e-01, 3.002133e-02, 9.591154e-02, -9.176907e-03, 1.097089e+01, -4.602964e+00, -2.452178e-01, 2.230060e-01, -8.939397e-03, 3.430506e-03, -5.333341e-02, 7.482353e-02, -2.537927e-01, 1.275864e-03, 2.046348e+00, -3.300837e-01, 4.210502e-01, 3.926001e+00]
					}
				],
				"interpolation_stddev": {
					"u": 2,
					"phi_rad": 0.1
				}
			},
			"k_convergence": 0.01,
			"safety_velocity": 20,
			"pitch_target_params_rad": {
				"min": -1.0472,
				"max": 1.0472,
				"initial": 0.04183938913580468
			},
			"roll_target_params_rad": {
				"min": -1.0472,
				"max": 1.0472,
				"initial": 0
			}
		}
	},
	"data_handling": {
		"period": 200,
		"target": "flight_control"
	},
	"data_presentation": {
		"compress_double": true
	},
	"override_handler": {},
	"override_safety": {
		"period": 10,
		"rectanguloid": {
			"major_side_length": 150000,
			"minor_side_length": 60000,
			"major_side_orientation": 0,
			"height": 10000,
			"center": [
				0, 0, 1500
			]
		}
	},
	"simplex_supervisor": {
		"multi_simplex": {
			"Ad": {
				"regions": [
					{
						"setpoint": {
							"u": 19.926840897012369,
							"phi_rad": -0.70065027375281852
						},
						"k": [
							0.9973407541578484, -0.0052401951554237264, 0.0073026221664942966, 2.86453972778282E-5, -7.373590814976537E-7, 0, 1.0884134444189564E-5, -1.6203001418768737E-6, 0.0006758727551252271, 0.0075289921406401367, 0.91120193139774119, -0.11712515880871209, -0.00047452725287025119, 1.240693530474413E-5, 0, -0.00018027309184067317, 2.6851032798716184E-5, -0.0073276256009298917, -0.0028300373922755624, 0.14790024192323967, 0.76904018416355679, 0.0067455922781705681, -0.00026750646218576631, 0, 0.00254876256529237, -0.00038638576469245752, 0.00010340946443663449, -0.097745712335867818, -0.0045466481799444946, -5.6812273331409858E-5, 0.99999120320328483, 0.0039479035650289889, 0, 4.9636010731297473E-5, -0.0041962732671535444, 0.19969322887224936, -2.6012379342656384E-6, 2.0120856421845148E-9, -4.9338768934426425E-9, 7.9534816645856761E-5, 0.98514962594207567, 0, 0.024503463366721517, 6.0657808041083548E-6, 0.0063934397590257883, 5.9359350373637525E-7, 0.00027581357886418507, -1.2385584836007067E-5, 4.3839693673560014E-6, 0.010326372539210744, 0.7247186536317296, -0.004175238835540507, 0.0085487358793050559, 3.8794224258982615E-5, -0.00031239321444373556, 3.1429945085558932E-7, -7.8280356400995937E-7, 0.0063607887192629279, -0.1967094792667676, 0, 0.97219384285799038, 0.00048060304591322403, 1.1816776822410831E-6, 3.443889144287128E-5, 0.060348633633848278, -0.0039134824521845591, 0.0041700837473844692, 0.074286584866863167, 0, 0.00091887607517640048, 0.99999197480933533, 0.0015497615483998663, 0, 0, 0, 0, 0, 0, 0, 0, 1
						]
					}, {
						"setpoint": {
							"u": 19.953032053005206,
							"phi_rad": -0.34899059386012432
						},
						"k": [
							0.99734053766939024, -0.0052401930324974966, 0.00730262169228621, 3.5199960085015984E-5, -7.3709649794732006E-7, 0, 1.0884135479310787E-5, -8.4388229291124568E-7, 0.00066998438880949034, 0.0075326350636879943, 0.91120189556078457, -0.11712515075455832, -0.00058310357648332458, 1.2402475278631149E-5, 0, -0.00018027310953149192, 1.3984325242234988E-5, -0.0090092970933234109, -0.0029087815937319733, 0.14790110522518032, 0.769039951424355, 0.0082872812846877773, -0.00026737734396962878, 0, 0.002548763206154128, -0.00020114411363310642, 0.00012860624474448433, -0.0977566624875856, -0.0054242280856975243, 2.1441590177434485E-6, 0.99999839717839645, 0.0020560529592933904, 0, 2.5893873454567498E-5, -0.001824127483748677, 0.19994226473993165, -1.379766128218517E-6, 1.7739392519823939E-9, -2.6359464458993273E-9, 4.2184363630187804E-5, 0.98514962292056407, 0, 0.02450346334738468, 7.43777968860671E-6, 0.00339125855017046, 3.7511104542644383E-7, 0.00014629913973986325, -6.5695406997731368E-6, 5.2323668304112059E-7, 0.010403280861031684, 0.7247186536317296, -0.0041745802291481169, 0.0085485078007899919, 2.1711459174812623E-5, -0.00016570165699280457, 2.7942696653508047E-7, -4.1896042092806433E-7, 0.0033736922552081339, -0.19670978205028483, 0, 0.97219384011635623, 0.00059377095861490466, 1.1375135645356289E-6, 3.7826395361382521E-5, 0.032010647399345706, -0.0020757728414097605, 0.0018112091166370009, 0.091319871465312508, 0, 0.001132334403099032, 0.99999873617563206, 0.0010617540154639433, 0, 0, 0, 0, 0, 0, 0, 0, 1
						]
					}, {
						"setpoint": {
							"u": 19.959257032508475,
							"phi_rad": 9.1814587681488538E-6
						},
						"k": [
							0.997340464119503, -0.0052402024171963168, 0.0073026218686239189, 3.7445138134839116E-5, -7.36596527132824E-7, 0, 1.0884138087055622E-5, 2.3632245179975797E-9, 0.0007514086607901051, 0.0075338726806597955, 0.91120205340479243, -0.11712515374742938, -0.00062029263383734192, 1.2393983241366769E-5, 0, -0.00018027315409810147, -3.9757993854930589E-8, -0.0095818831864817409, -0.0029355087857843984, 0.14789775276393691, 0.76904003544042532, 0.0088142349717535429, -0.00026713156041521845, 0, 0.0025487648185395263, 8.54542340223278E-7, 0.00013755987064788974, -0.0977076263958541, -0.0065061575325970466, 7.3107240977799676E-5, 1.0000002698729147, -1.3326447340468337E-6, 0, 6.7420618716009652E-8, -2.5961877726322478E-5, 0.19999095729228591, 3.5134301753249821E-11, -1.8585850727997638E-13, 7.1580213422214035E-14, -1.0553858347860044E-9, 0.98514965565698742, 0, 0.024503463552271544, 8.93267701433117E-6, -8.8259280889724486E-8, -3.90696050310287E-9, -4.196525691503145E-9, 1.7803053784518221E-10, 1.1651190692365545E-7, 0.010429475016725314, 0.7247186536317296, -0.0041743524432797446, 0.0085482415525065976, 4.1430814328330185E-6, 4.1435322740002165E-9, -2.9464514162298939E-11, 1.1406425404009547E-11, -8.1302277200484448E-8, -0.19670583095890698, 0, 0.97219387305377591, 0.000714352152067367, 3.3013626960058552E-7, -1.2655646488677724E-6, -9.4563653075138858E-7, 5.6402728789985224E-8, 2.5826608364801159E-5, 0.0971226791995781, 0, 0.0012065019411111454, 1.0000002879848351, 0.00092091226870235851, 0, 0, 0, 0, 0, 0, 0, 0, 1
						]
					}, {
						"setpoint": {
							"u": 19.953411886231166,
							"phi_rad": 0.35003696545914992
						},
						"k": [
							0.99734053871747885, -0.0052401927521605477, 0.0073026216846993905, 3.5161339994139353E-5, -7.3611162691545125E-7, 0, 1.0884140403609521E-5, 8.4704660561397477E-7, 0.00066769901681132252, 0.0075326173291417938, 0.91120189084380043, -0.11712515062584115, -0.00058245723839529058, 1.2385747191358108E-5, 0, -0.00018027319368974052, -1.4037716886021316E-5, -0.0090060095046362414, -0.0029083210034568712, 0.14790120688282973, 0.76903994786917573, 0.0082749724772607364, -0.000266893199886743, 0, 0.0025487662533997492, 0.00020236414471028471, 0.00012873205399184333, -0.097758009856789341, -0.00540112262358598, 6.5908525347592827E-7, 0.99999849624277393, -0.0020572840268837621, 0, -2.5884540473703042E-5, 0.0017660617706383584, 0.1999442399692416, 1.3837489999765157E-6, -1.7855203730517659E-9, 2.6437296731194246E-9, -4.2305470182603845E-5, 0.98514962201905776, 0, 0.024503463344847952, 7.40911687884989E-6, -0.003401053957633576, -3.8568768297819972E-7, -0.0001467225203508576, 6.5885276435469962E-6, -2.4105032477034451E-7, 0.010403129297273382, 0.7247186536317296, -0.0041745715971688094, 0.0085485137240777324, -1.3868512780976677E-5, 0.00016617980494994429, -2.8126379525471717E-7, 4.2020398445415489E-7, -0.0033833707974053927, -0.1967098895243011, 0, 0.97219383983574115, 0.00059150880468859508, -6.1284943395556142E-7, -4.1016009154702212E-5, -0.032103347262963863, 0.0020817723700316008, -0.0017534249429954332, 0.091286123444425, 0, 0.0011360706731744776, 0.99999893157760289, 0.00069263432814438311, 0, 0, 0, 0, 0, 0, 0, 0, 1
						]
					}, {
						"setpoint": {
							"u": 19.928577595095373,
							"phi_rad": 0.69812375993784637
						},
						"k": [
							0.99734075328587635, -0.0052401945400557719, 0.0073026221440198819, 2.8658982819004029E-5, -7.3585181839556136E-7, 0, 1.088414197398311E-5, 1.6061760976783734E-6, 0.000671038264980456, 0.0075290066300631843, 0.911201921041314, -0.11712515842725926, -0.00047473994548630064, 1.2381334359431254E-5, 0, -0.00018027322052789865, -2.661769833653495E-5, -0.0073434956389315034, -0.0028302059374456529, 0.14790046684298808, 0.7690401734468687, 0.0067427487959052356, -0.000266765519125875, 0, 0.0025487672249011237, 0.00038336891722986382, 0.00010408746517537779, -0.097748745585043692, -0.0045171416702925486, -5.8645709337818008E-5, 0.99999172616911713, -0.0039094388705726065, 0, -4.9246588794700166E-5, 0.004067522586259132, 0.19970495233454358, 2.5935133783378313E-6, -2.064573054809962E-9, 4.9207903419350064E-9, -7.9296029734229274E-5, 0.9851496240347335, 0, 0.024503463360551776, 6.0361527953117978E-6, -0.0063744664539897517, -6.092228303988344E-7, -0.00027499624620213985, 1.2348837946074547E-5, -3.8510504150912234E-6, 0.010327095290099432, 0.7247186536317296, -0.0041752140366496694, 0.008548741880129206, -2.8641879302725561E-5, 0.00031146526630847161, -3.2269049988275095E-7, 7.807883972423744E-7, -0.0063416809349658839, -0.19670970549785866, 0, 0.97219384211031823, 0.00047838420913443665, -6.3830094626378293E-7, -3.9979858788088485E-5, -0.060169904695320534, 0.0039018715866586283, -0.0040421622947930036, 0.074446262136623573, 0, 0.00092867211210486864, 0.99999228319332478, 0.00068720461229770794, 0, 0, 0, 0, 0, 0, 0, 0, 1
						]
					}
				],
				"interpolation_stddev": {
					"u": 2,
					"phi_rad": 0.1
				}
			},
			"Bd": {
				"regions": [
					{
						"setpoint": {
							"u": 19.926840897012369,
							"phi_rad": -0.70065027375281852
						},
						"k": [
							-0.00050511230030883471, 0.086111019402795239, 0.40369470227551491, 0.0016159965489559449, -4.201065042276251E-5, 0, 0.000613953811750123, -9.1428508391012359E-5, -0.00017826002539183733, 0.034883132064231583, -6.7871901956884863E-6, 0.0011407332793549421, 3.3995927238010479E-6, 2.9944085711741886E-5, 0, -0.00029772479868997784, -3.2103856019966614E-7, 1.1715239913718477E-5, 6.96049964533813E-7, 9.9475598330799259E-5, -3.3460477997098946E-6, -1.4919647443623739E-5, 0.0060623028638624368, 0.89428824166825149, -0.00741726622483723, 0.0047093143329392413, 1.3772496788891428E-5, -8.7280722988896891E-6, 6.7487897872759544E-9, -1.6548578669263571E-8, 0.00026704204723756385, -0.023748348799416057, 0, 0.0823799134691964, 2.0366403134946941E-5, -4.9857167672962246E-5
						]
					}, {
						"setpoint": {
							"u": 19.953032053005206,
							"phi_rad": -0.34899059386012432
						},
						"k": [
							-0.00051744715488245537, 0.086111140605473521, 0.40369467509629237, 0.0019857565179370838, -4.1995600036124419E-5, 0, 0.00061395387131449363, -4.7617251249783845E-5, -0.00021893488186970655, 0.034883084548821781, -6.78686799429077E-6, 0.0011407331803842712, 4.8547900531565307E-6, 2.9944161837772553E-5, 0, -0.00029772479830029671, -2.1937066958863644E-7, 1.1591200345634705E-5, 3.8520403663570247E-7, 5.2764449722450752E-5, -1.7748073753576399E-6, -8.5576223010547636E-6, 0.0060898586068452616, 0.89428824166825149, -0.0074170911630405565, 0.0047089478637401122, 7.72128758054332E-6, -4.6296028396496111E-6, 5.9499650213284972E-9, -8.8411378335072E-9, 0.00014163606951390711, -0.023748358939626391, 0, 0.082379913404332122, 2.4972768317044796E-5, -2.6431344215843137E-5
						]
					}, {
						"setpoint": {
							"u": 19.959257032508475,
							"phi_rad": 9.1814587681488538E-6
						},
						"k": [
							-0.00052163773651006933, 0.08611060605614293, 0.40369468519851193, 0.0021124078848109994, -4.1966943538773037E-5, 0, 0.00061395402137023934, 1.3463048843227138E-7, -0.00023272842721402533, 0.034883056654408683, -6.7882617487385031E-6, 0.0011407331747131314, 5.7116204715207193E-6, 2.9943837972510745E-5, 0, -0.00029772480040556683, -1.0855540633491556E-7, 1.3006932366861423E-5, -1.0450511218009251E-9, -1.4884145755194008E-9, 4.800861921309336E-11, 4.1908697842488822E-8, 0.00609923733617409, 0.89428824166825149, -0.0074170308371139882, 0.0047085426552828666, 1.481160742749776E-6, 1.1789048407356426E-10, -6.233833498281268E-13, 2.4008407102955921E-13, -3.5436794362499667E-9, -0.023748249098008111, 0, 0.08237991409152795, 2.9991903209713253E-5, 9.9278190771671432E-9
						]
					}, {
						"setpoint": {
							"u": 19.953411886231166,
							"phi_rad": 0.35003696545914992
						},
						"k": [
							-0.00051738722709742324, 0.086111156577492423, 0.40369467466175674, 0.0019835636673010775, -4.1939150859081052E-5, 0, 0.00061395415467342706, 4.77978554749017E-5, -0.00021882776731592968, 0.034883051047094771, -6.7867824003625069E-6, 0.0011407331149813009, 5.8790867138164921E-6, 2.9944320270669933E-5, 0, -0.00029772479753552945, 3.8825176405320136E-8, 1.1551477038442822E-5, -3.8883778276490509E-7, -5.2917088242148596E-5, 1.7799366636230408E-6, 8.6837005206113432E-6, 0.006089804567834747, 0.89428824166825149, -0.0074170893822742886, 0.0047089559100337262, -4.9175291258584133E-6, 4.6429667871830575E-6, -5.9888089497924962E-9, 8.8672431457358623E-9, -0.00014204269108325686, -0.023748361964524529, 0, 0.082379913395821028, 2.487652987794654E-5, 2.6522474019751529E-5
						]
					}, {
						"setpoint": {
							"u": 19.928577595095373,
							"phi_rad": 0.69812375993784637
						},
						"k": [
							-0.00050516158772628047, 0.086111054467660875, 0.4036947009879589, 0.0016167363722568023, -4.1924259656378322E-5, 0, 0.000613954245037096, 9.0633090230819382E-5, -0.00017857463276676393, 0.034883068660472166, -6.7870478073957642E-6, 0.0011407331560333727, 5.3382948965555243E-6, 2.9944334607220803E-5, 0, -0.00029772479749267457, 1.7132415508730748E-7, 1.1630773930118463E-5, -6.98602705833559E-7, -9.9180713399544539E-5, 3.3361200900440177E-6, 1.5060829334155974E-5, 0.0060625623960845173, 0.89428824166825149, -0.0074172605953623559, 0.0047093225418675961, -1.0144381336651992E-5, 8.70215369366543E-6, -6.9248349439338795E-9, 1.6504684075784964E-8, -0.00026624030907026851, -0.023748355199315539, 0, 0.082379913448497544, 2.0266917399164629E-5, 4.9724379568484018E-5
						]
					}
				],
				"interpolation_stddev": {
					"u": 2,
					"phi_rad": 0.1
				}
			},
			"ss": {
				"regions": [
					{
						"setpoint": {
							"u": 19.926840897012369,
							"phi_rad": -0.70065027375281852
						},
						"k": [
							19.926840897012369, 1.710275573600033, 0.269399662083998, 0.0654197188864468, -0.0015087447522203743, 0.027296675922235034, -0.31939226219677713, -0.70065027375281852, 0
						]
					}, {
						"setpoint": {
							"u": 19.953032053005206,
							"phi_rad": -0.34899059386012432
						},
						"k": [
							19.953032053005206, 1.3693996959192307, 0.062125310665494794, 0.064298891587325629, 0.00015393138893321113, 0.011669829101933198, -0.17070697804314636, -0.34899059386012432, 0
						]
					}, {
						"setpoint": {
							"u": 19.959257032508475,
							"phi_rad": 9.1814587681488538E-6
						},
						"k": [
							19.959257032508475, 1.2759505956245265, -5.3971692720725824E-6, 0.072290473118606161, 8.529890319855533E-5, 0.00018688074160031902, -0.0025826450253825521, 9.1814587681488538E-6, 0
						]
					}, {
						"setpoint": {
							"u": 19.953411886231166,
							"phi_rad": 0.35003696545914992
						},
						"k": [
							19.953411886231166, 1.3642487535440435, 0.060456948106179152, 0.064070573182558127, -3.0943414953385019E-5, -0.011285744735603249, 0.1651657410931946, 0.35003696545914992, 0
						]
					}, {
						"setpoint": {
							"u": 19.928577595095373,
							"phi_rad": 0.69812375993784637
						},
						"k": [
							19.928577595095373, 1.6878515185737344, 0.26011667968156538, 0.0649294904489148, -0.00054871471605459513, -0.02622758166310123, 0.31048177354344342, 0.69812375993784637, 0
						]
					}
				],
				"interpolation_stddev": {
					"u": 2,
					"phi_rad": 0.1
				}
			},
			"trim": {
				"regions": [
					{
						"setpoint": {
							"u": 19.926840897012369,
							"phi_rad": -0.70065027375281852
						},
						"k": [
							0.71030864978258945, -0.56375637313785265, 0.028419362278802075, -0.10671134319871679
						]
					}, {
						"setpoint": {
							"u": 19.953032053005206,
							"phi_rad": -0.34899059386012432
						},
						"k": [
							0.52044744664646037, -0.57879283710530938, 0.017329124015779063, -0.043894785059378251
						]
					}, {
						"setpoint": {
							"u": 19.959257032508475,
							"phi_rad": 9.1814587681488538E-6
						},
						"k": [
							0.45866821707775673, -0.58132532509336, 0.008355056942214157, 0.015888340178787638
						]
					}, {
						"setpoint": {
							"u": 19.953411886231166,
							"phi_rad": 0.35003696545914992
						},
						"k": [
							0.52093249670292019, -0.57908143085204966, -0.0010254462057974756, 0.066316713809792677
						]
					}, {
						"setpoint": {
							"u": 19.928577595095373,
							"phi_rad": 0.69812375993784637
						},
						"k": [
							0.71161330561630254, -0.56399047335122721, -0.010492871981572621, 0.09682086507470003
						]
					}
				],
				"interpolation_stddev": {
					"u": 2,
					"phi_rad": 0.1
				}
			},
			"p": {
				"regions": [
					{
						"setpoint": {
							"u": 19.926840897012369,
							"phi_rad": -0.70065027375281852
						},
						"k": [
							0.033583050089197257, -0.00090495977955858033, 0.0019650933144921127, 0.1041303957266445, 0.003236868871348822, -7.9199872291086325E-5, -0.00032400624898409615, -0.0067648319946397063, 0.00010119097464588807, -0.00090495977955858033, 0.0041676376272720538, -0.002774201077043994, -0.1553258499405516, -0.0046385627585340469, -0.00045858006987057622, -0.0064523329578211417, -0.031090960265978053, -6.0987065027778691E-5, 0.0019650933144921127, -0.002774201077043994, 0.0038767553615635169, 0.12416593574559406, 0.0027035778896878997, 0.00019916021959028114, 0.0059250127839820029, 0.018041584351396751, 2.4520989763420107E-5, 0.1041303957266445, -0.1553258499405516, 0.12416593574559406, 9.9639476544981527, 0.189932145050844, 0.021861488628616553, 0.24979138875028736, 1.433003192974067, 0.0020736286039277239, 0.003236868871348822, -0.0046385627585340469, 0.0027035778896878997, 0.189932145050844, 0.0069203098994367936, 0.00077975403091607419, 0.0051156039628473685, 0.04272657919600583, 7.103866766056184E-5, -7.9199872291086325E-5, -0.00045858006987057622, 0.00019916021959028114, 0.021861488628616553, 0.00077975403091607419, 0.0035364568750318064, 0.00095862130384210317, 0.075130657115314428, 1.9764416367501281E-5, -0.00032400624898409615, -0.0064523329578211417, 0.0059250127839820029, 0.24979138875028736, 0.0051156039628473685, 0.00095862130384210317, 0.022205133139355494, 0.061846996316676582, -2.7533651623540549E-5, -0.0067648319946397063, -0.031090960265978053, 0.018041584351396751, 1.433003192974067, 0.04272657919600583, 0.075130657115314428, 0.061846996316676582, 5.3867113438020837, 0.0013194419720944819, 0.00010119097464588807, -6.0987065027778691E-5, 2.4520989763420107E-5, 0.0020736286039277239, 7.103866766056184E-5, 1.9764416367501281E-5, -2.7533651623540549E-5, 0.0013194419720944819, 0.00040294203725561612
						]
					}, {
						"setpoint": {
							"u": 19.953032053005206,
							"phi_rad": -0.34899059386012432
						},
						"k": [
							0.031967316812780214, -0.0015993374141105893, 0.0023762036372512482, 0.11689116327904915, 0.0017228069030505997, -0.0001099780401890997, 0.000276717234088384, -0.0035205148533826742, 9.04222830431689E-5, -0.0015993374141105893, 0.0056254438154173421, -0.0038141274260045338, -0.17500564865070833, -0.0027246171420908872, -0.0001591078405018333, -0.0038433939005665151, -0.014109534482373318, -5.7563696894384327E-5, 0.0023762036372512482, -0.0038141274260045338, 0.00556925714359709, 0.14299932014485342, 0.0015992883636233323, 7.7702815792466453E-5, 0.0036046562011346514, 0.0066420738634994396, 1.9150910065913631E-5, 0.11689116327904915, -0.17500564865070833, 0.14299932014485342, 9.63899825042519, 0.094506159938683845, 0.0079632844747360449, 0.12344798252244532, 0.53221584980870684, 0.00150344762751863, 0.0017228069030505997, -0.0027246171420908872, 0.0015992883636233323, 0.094506159938683845, 0.0018064422695274083, 0.00019880324983766236, 0.001332587543419093, 0.010991529750954833, 2.7274748555794681E-5, -0.0001099780401890997, -0.0001591078405018333, 7.7702815792466453E-5, 0.0079632844747360449, 0.00019880324983766236, 0.0033940690085109033, 0.00039190826663032047, 0.071781684369323459, 6.96274410979185E-6, 0.000276717234088384, -0.0038433939005665151, 0.0036046562011346514, 0.12344798252244532, 0.001332587543419093, 0.00039190826663032047, 0.0060236570650116844, 0.017512366419330502, -2.1419271938978527E-5, -0.0035205148533826742, -0.014109534482373318, 0.0066420738634994396, 0.53221584980870684, 0.010991529750954833, 0.071781684369323459, 0.017512366419330502, 5.200218761386556, 0.00044473680387590952, 9.04222830431689E-5, -5.7563696894384327E-5, 1.9150910065913631E-5, 0.00150344762751863, 2.7274748555794681E-5, 6.96274410979185E-6, -2.1419271938978527E-5, 0.00044473680387590952, 0.00040226763472041234
						]
					}, {
						"setpoint": {
							"u": 19.959257032508475,
							"phi_rad": 9.1814587681488538E-6
						},
						"k": [
							0.028503825734780178, -0.0011299587821443932, 0.0016515320562032975, 0.066917876994071424, 5.2288721837740651E-8, 6.3586151365580468E-8, 3.5215444703716412E-8, -3.1845197392825878E-5, 5.90246962068837E-5, -0.0011299587821443932, 0.0057902473910412134, -0.0036613053954794019, -0.14168653266244657, -7.7555446163256216E-8, -2.6965908678450794E-6, -6.6995813932638119E-7, -0.00011117002551231628, -6.0988623716277891E-5, 0.0016515320562032975, -0.0036613053954794019, 0.0052085715742053148, 0.12822144582415615, 1.6775080853425242E-8, 3.5815440162530235E-6, 7.4659459289289994E-7, 0.00011080144896466617, 1.5210645312284879E-5, 0.066917876994071424, -0.14168653266244657, 0.12822144582415615, 7.6559735387621695, -3.0520370592937659E-6, 1.8284837886128322E-5, 1.2479537032309923E-6, 0.001872888733820597, 0.001340821106967407, 5.2288721837740651E-8, -7.7555446163256216E-8, 1.6775080853425242E-8, -3.0520370592937659E-6, 1.3420554253975805E-5, 0.000100015295036559, 1.532814862784955E-5, 0.0044187071541343164, 6.2140740396437375E-9, 6.3586151365580468E-8, -2.6965908678450794E-6, 3.5815440162530235E-6, 1.8284837886128322E-5, 0.000100015295036559, 0.0040656109374758069, 0.00051557439588188628, 0.085941072898783916, 1.7009669416686649E-7, 3.5215444703716412E-8, -6.6995813932638119E-7, 7.4659459289289994E-7, 1.2479537032309923E-6, 1.532814862784955E-5, 0.00051557439588188628, 0.00011785276834888752, 0.012492118711596676, 2.8973009456384578E-8, -3.1845197392825878E-5, -0.00011117002551231628, 0.00011080144896466617, 0.001872888733820597, 0.0044187071541343164, 0.085941072898783916, 0.012492118711596676, 5.9695603996020532, 8.51176882547602E-6, 5.90246962068837E-5, -6.0988623716277891E-5, 1.5210645312284879E-5, 0.001340821106967407, 6.2140740396437375E-9, 1.7009669416686649E-7, 2.8973009456384578E-8, 8.51176882547602E-6, 0.00040094099345724986
						]
					}, {
						"setpoint": {
							"u": 19.953411886231166,
							"phi_rad": 0.35003696545914992
						},
						"k": [
							0.031875998680366828, -0.0015818059792593051, 0.0023738332252160477, 0.1174922937494664, -0.0017160649144620857, 0.0001041769985679176, -0.00028758883869503277, 0.0034439387009868065, 9.0299538431564387E-5, -0.0015818059792593051, 0.0055685615049443525, -0.0037683115565198461, -0.17491633152454547, 0.0027328680837043653, 0.00015636106303223128, 0.0038029545699699977, 0.013823734558068006, -5.7988678713372818E-5, 0.0023738332252160477, -0.0037683115565198461, 0.0055202180058771741, 0.14267131950442721, -0.0016103242912741222, -7.1908289677732515E-5, -0.0035523563359852184, -0.0064424797824448416, 1.9329460453625634E-5, 0.1174922937494664, -0.17491633152454547, 0.14267131950442721, 9.7072235069303812, -0.0960286774694732, -0.00791858566831741, -0.12467547727579754, -0.52780220808893108, 0.0015026040620684388, -0.0017160649144620857, 0.0027328680837043653, -0.0016103242912741222, -0.0960286774694732, 0.0018392936045891289, 0.00019776103799590269, 0.001356432723005908, 0.010952718626114915, -2.7320413679600022E-5, 0.0001041769985679176, 0.00015636106303223128, -7.1908289677732515E-5, -0.00791858566831741, 0.00019776103799590269, 0.0033633460585287662, 0.00038765630771312045, 0.071275702502209048, -6.3939978421051792E-6, -0.00028758883869503277, 0.0038029545699699977, -0.0035523563359852184, -0.12467547727579754, 0.001356432723005908, 0.00038765630771312045, 0.0060939138017354726, 0.017501044662470103, 2.1405399236251716E-5, 0.0034439387009868065, 0.013823734558068006, -0.0064424797824448416, -0.52780220808893108, 0.010952718626114915, 0.071275702502209048, 0.017501044662470103, 5.19179748383854, -0.00041015206049443661, 9.0299538431564387E-5, -5.7988678713372818E-5, 1.9329460453625634E-5, 0.0015026040620684388, -2.7320413679600022E-5, -6.3939978421051792E-6, 2.1405399236251716E-5, -0.00041015206049443661, 0.0004022385153277262
						]
					}, {
						"setpoint": {
							"u": 19.928577595095373,
							"phi_rad": 0.69812375993784637
						},
						"k": [
